source sample gap {'n': 4884, 'min': 0.0, 'median': 5.0694205, 'p95': 5.637646, 'max': 6.702884}
receiver sample gap {'n': 4658, 'min': 0.0, 'median': 4.87085, 'p95': 9.11471, 'max': 20.10374}
rejected_wire 0
FRAME 1043 feedback 346532 rx_rel_ms {'first_dispatch_ns': 13.44, 'last_dispatch_ns': 323.24, 'manifest_dispatch_ns': 341.53, 'complete_dispatch_ns': 341.53}
source deltaTimes ms / tx / rx / queueSpace / rtt us
[-2.16, 36865, 7851, 1048544, 11457]
[2.77, 37052, 7851, 1048544, 11457]
[7.92, 37052, 7851, 1048544, 11457]
[11.99, 37052, 7851, 1048544, 11457]
[17.54, 37052, 7853, 1048544, 11815]
[22.6, 37052, 7853, 1048544, 11815]
[27.67, 37052, 7853, 1048544, 11815]
[32.08, 37052, 7853, 1048544, 11815]
[37.24, 37052, 7855, 1048544, 16467]
[42.35, 37052, 7855, 1048544, 16467]
[47.42, 37052, 7855, 1048544, 16467]
[52.49, 37052, 7855, 1048544, 16467]
[57.53, 37052, 7857, 1048544, 25723]
[62.61, 37052, 7857, 1048544, 25723]
[67.83, 37053, 7857, 1048544, 25723]
[72.9, 37053, 7857, 1048544, 25723]
[76.97, 37053, 7857, 1048544, 25723]
[82.16, 37053, 7859, 1048544, 37876]
[87.23, 37053, 7859, 1048544, 37876]
[92.74, 37053, 7861, 1048544, 49419]
[97.86, 37053, 7861, 1048544, 49419]
[102.92, 37053, 7861, 1048544, 49419]
[106.96, 37053, 7863, 1048544, 62533]
[112.03, 37053, 7863, 1048544, 62533]
[117.1, 37053, 7863, 1048544, 62533]
[122.17, 37053, 7863, 1048544, 62533]
[127.24, 37053, 7863, 1048544, 62533]
[132.24, 37053, 7865, 1048544, 77774]
[137.31, 37053, 7865, 1048544, 77774]
[142.38, 37053, 7865, 1048544, 77774]
[146.98, 37053, 7867, 1048544, 92904]
[152.06, 37053, 7867, 1048544, 92904]
[157.13, 37053, 7867, 1048544, 92904]
[161.9, 37053, 7867, 1048544, 92904]
[167.13, 37053, 7869, 1048544, 108947]
[172.19, 37053, 7869, 1048544, 108947]
[176.98, 37053, 7869, 1048544, 108947]
[182.08, 37053, 7871, 1048544, 124764]
[187.14, 37053, 7871, 1048544, 124764]
[192.22, 37053, 7871, 1048544, 124764]
[197.54, 37053, 7873, 1048544, 140455]
[202.62, 37053, 7873, 1048544, 140455]
[207.69, 37053, 7873, 1048544, 140455]
[212.28, 37053, 7875, 1048544, 156890]
[217.35, 37053, 7875, 1048544, 156890]
[222.42, 37053, 7875, 1048544, 156890]
[227.49, 37053, 7875, 1048544, 156890]
[232.8, 37053, 7878, 1048544, 180673]
[237.88, 37053, 7878, 1048544, 180673]
[241.95, 37053, 7878, 1048544, 180673]
[247.01, 37053, 7878, 1048544, 180673]
[252.46, 37053, 7880, 1048544, 196383]
[257.52, 37053, 7880, 1048544, 196383]
[262.59, 37053, 7880, 1048544, 196383]
[267.12, 37053, 7880, 1048544, 196383]
[272.48, 37053, 7883, 1048544, 219548]
[277.56, 37053, 7883, 1048544, 219548]
[282.62, 37053, 7883, 1048544, 219548]
[287.07, 37053, 7885, 1048544, 234964]
[292.13, 37053, 7885, 1048544, 234964]
[297.24, 37053, 7885, 1048544, 234964]
[302.3, 37053, 7885, 1048544, 234964]
[307.42, 37053, 7887, 1048544, 251061]
[312.49, 37053, 7887, 1048544, 251061]
[317.56, 37053, 7887, 1048544, 251061]
[322.63, 37053, 7887, 1048544, 251061]
[327.27, 37053, 7889, 1048544, 267802]
[332.34, 37053, 7889, 1048544, 267802]
[337.41, 37053, 7889, 1048544, 267802]
[342.68, 37054, 7892, 1048544, 276759]
[346.98, 37062, 7900, 1048544, 212001]
receiver deltaTimes ms / tx / rx / queueSpace / rtt us
[-5.55, 7851, 36863, 16777184, 7148]
[-1.23, 7851, 36863, 16777184, 7148]
[3.72, 7851, 36863, 16777184, 7148]
[7.94, 7851, 36863, 16777184, 7148]
[12.84, 7851, 36863, 16777184, 7148]
[17.19, 7853, 36873, 16777184, 8505]
[22.1, 7853, 36873, 16777184, 8505]
[31.53, 7853, 36873, 16777184, 8505]
[40.63, 7855, 36883, 16777184, 8505]
[44.89, 7855, 36883, 16777184, 8505]
[50.22, 7855, 36883, 16777184, 8505]
[54.97, 7855, 36883, 16777184, 8505]
[59.38, 7857, 36893, 16777184, 8505]
[64.25, 7857, 36893, 16777184, 8505]
[68.48, 7857, 36893, 16777184, 8505]
[73.33, 7857, 36893, 16777184, 8505]
[77.62, 7857, 36893, 16777184, 8505]
[82.45, 7859, 36903, 16777184, 8505]
[87.0, 7859, 36903, 16777184, 8505]
[96.07, 7861, 36913, 16777184, 8505]
[100.9, 7861, 36913, 16777184, 8505]
[105.4, 7861, 36913, 16777184, 8505]
[110.19, 7863, 36923, 16777184, 8505]
[114.52, 7863, 36923, 16777184, 8505]
[119.46, 7863, 36923, 16777184, 8505]
[123.8, 7863, 36923, 16777184, 8505]
[127.82, 7863, 36923, 16777184, 8505]
[133.14, 7865, 36933, 16777184, 8505]
[138.14, 7865, 36933, 16777184, 8505]
[142.46, 7865, 36933, 16777184, 8505]
[147.59, 7867, 36943, 16777184, 8505]
[152.02, 7867, 36943, 16777184, 8505]
[161.55, 7867, 36943, 16777184, 8505]
[167.01, 7869, 36953, 16777184, 8505]
[172.18, 7869, 36953, 16777184, 8505]
[176.99, 7871, 36963, 16777184, 8505]
[186.67, 7871, 36963, 16777184, 8505]
[192.06, 7871, 36963, 16777184, 8505]
[201.05, 7873, 36973, 16777184, 8505]
[205.66, 7873, 36973, 16777184, 8505]
[210.73, 7873, 36973, 16777184, 8505]
[214.99, 7875, 36983, 16777184, 8505]
[219.96, 7875, 36983, 16777184, 8505]
[224.33, 7875, 36983, 16777184, 8505]
[229.23, 7875, 36983, 16777184, 8505]
[233.49, 7878, 36993, 16777184, 8505]
[238.43, 7878, 36993, 16777184, 8505]
[242.83, 7878, 36993, 16777184, 8505]
[248.13, 7878, 36993, 16777184, 8505]
[252.17, 7880, 37003, 16777184, 8505]
[257.35, 7880, 37003, 16777184, 8505]
[266.85, 7880, 37003, 16777184, 8505]
[276.2, 7883, 37013, 16777184, 8505]
[285.62, 7883, 37013, 16777184, 8505]
[289.86, 7885, 37023, 16777184, 8505]
[294.78, 7885, 37023, 16777184, 8505]
[299.06, 7885, 37023, 16777184, 8505]
[304.03, 7885, 37023, 16777184, 8505]
[308.25, 7887, 37033, 16777184, 8505]
[313.1, 7887, 37033, 16777184, 8505]
[317.33, 7887, 37033, 16777184, 8505]
[322.75, 7887, 37033, 16777184, 8505]
[327.57, 7889, 37043, 16777184, 8505]
[336.78, 7889, 37043, 16777184, 8505]
[344.07, 7892, 37052, 16777184, 8505]
[347.0, 7900, 37059, 16777184, 6008]
FRAME 839 feedback 261782 rx_rel_ms {'first_dispatch_ns': 7.43, 'last_dispatch_ns': 255.08, 'manifest_dispatch_ns': 254.66, 'complete_dispatch_ns': 255.08}
source deltaTimes ms / tx / rx / queueSpace / rtt us
[-1.05, 29331, 6385, 1048544, 16017]
[4.74, 29466, 6385, 995184, 16017]
[9.48, 29512, 6387, 1048544, 13911]
[14.56, 29512, 6387, 1048544, 13911]
[19.64, 29512, 6387, 1048544, 13911]
[24.72, 29512, 6387, 1048544, 13911]
[29.22, 29512, 6389, 1048544, 16468]
[34.29, 29512, 6389, 1048544, 16468]
[39.36, 29512, 6389, 1048544, 16468]
[43.79, 29512, 6389, 1048544, 16468]
[48.88, 29512, 6391, 1048544, 22792]
[53.94, 29512, 6391, 1048544, 22792]
[59.01, 29512, 6391, 1048544, 22792]
[64.17, 29512, 6393, 1048544, 31908]
[69.23, 29512, 6393, 1048544, 31908]
[74.35, 29512, 6393, 1048544, 31908]
[79.42, 29512, 6393, 1048544, 31908]
[84.58, 29512, 6395, 1048544, 43664]
[89.78, 29513, 6395, 1048544, 43664]
[93.85, 29513, 6395, 1048544, 43664]
[98.98, 29513, 6397, 1048544, 55799]
[104.05, 29513, 6397, 1048544, 55799]
[109.12, 29513, 6397, 1048544, 55799]
[114.18, 29513, 6397, 1048544, 55799]
[118.87, 29513, 6400, 1048544, 75091]
[123.94, 29513, 6400, 1048544, 75091]
[129.0, 29513, 6400, 1048544, 75091]
[133.93, 29513, 6403, 1048544, 93608]
[139.05, 29513, 6403, 1048544, 93608]
[144.11, 29513, 6403, 1048544, 93608]
[149.17, 29513, 6403, 1048544, 93608]
[154.73, 29513, 6406, 1048544, 111565]
[159.79, 29513, 6406, 1048544, 111565]
[163.85, 29513, 6406, 1048544, 111565]
[168.92, 29513, 6406, 1048544, 111565]
[174.08, 29513, 6408, 1048544, 124390]
[179.15, 29513, 6408, 1048544, 124390]
[184.22, 29513, 6408, 1048544, 124390]
[189.48, 29513, 6412, 1048544, 148353]
[194.54, 29513, 6412, 1048544, 148353]
[199.59, 29513, 6412, 1048544, 148353]
[204.76, 29513, 6415, 1048544, 164395]
[208.83, 29513, 6415, 1048544, 164395]
[213.89, 29513, 6415, 1048544, 164395]
[218.95, 29513, 6415, 1048544, 164395]
[224.56, 29513, 6418, 1048544, 181341]
[229.57, 29513, 6418, 1048544, 181341]
[234.63, 29513, 6418, 1048544, 181341]
[238.84, 29513, 6420, 1048544, 193291]
[243.9, 29513, 6420, 1048544, 193291]
[248.98, 29513, 6420, 1048544, 193291]
[254.05, 29513, 6420, 1048544, 193291]
[259.64, 29523, 6438, 1048544, 144836]
[264.34, 29524, 6439, 1048544, 144836]
receiver deltaTimes ms / tx / rx / queueSpace / rtt us
[-2.85, 6385, 29330, 16777184, 11313]
[2.1, 6385, 29330, 16777184, 11313]
[6.49, 6385, 29330, 16777184, 11313]
[11.42, 6387, 29340, 16777184, 10957]
[15.66, 6387, 29340, 16777184, 10957]
[20.47, 6387, 29340, 16777184, 10957]
[24.81, 6387, 29340, 16777184, 10957]
[29.56, 6389, 29350, 16777184, 10957]
[33.83, 6389, 29350, 16777184, 10957]
[43.01, 6389, 29350, 16777184, 10957]
[48.03, 6391, 29360, 16777184, 10957]
[52.42, 6391, 29360, 16777184, 10957]
[57.36, 6391, 29360, 16777184, 10957]
[61.67, 6391, 29360, 16777184, 10957]
[67.08, 6393, 29370, 16777184, 10957]
[71.9, 6393, 29370, 16777184, 10957]
[76.53, 6393, 29370, 16777184, 10957]
[81.56, 6393, 29370, 16777184, 10957]
[86.02, 6395, 29380, 16777184, 10957]
[91.1, 6395, 29380, 16777184, 10957]
[95.53, 6395, 29380, 16777184, 10957]
[100.49, 6397, 29390, 16777184, 10957]
[104.85, 6397, 29390, 16777184, 10957]
[109.92, 6397, 29390, 16777184, 10957]
[114.35, 6397, 29390, 16777184, 10957]
[123.32, 6400, 29400, 16777184, 10957]
[132.57, 6400, 29400, 16777184, 10957]
[137.5, 6403, 29410, 16777184, 10957]
[141.85, 6403, 29410, 16777184, 10957]
[146.8, 6403, 29410, 16777184, 10957]
[151.31, 6403, 29410, 16777184, 10957]
[156.08, 6406, 29420, 16777184, 10957]
[160.33, 6406, 29420, 16777184, 10957]
[165.26, 6406, 29420, 16777184, 10957]
[169.53, 6406, 29420, 16777184, 10957]
[176.74, 6408, 29430, 16777184, 10957]
[185.35, 6408, 29430, 16777184, 10957]
[190.96, 6412, 29440, 16777184, 10957]
[195.38, 6412, 29440, 16777184, 10957]
[200.27, 6412, 29440, 16777184, 10957]
[204.58, 6415, 29450, 16777184, 10957]
[213.91, 6415, 29450, 16777184, 10957]
[219.14, 6415, 29450, 16777184, 10957]
[228.27, 6418, 29460, 16777184, 10957]
[237.33, 6418, 29460, 16777184, 10957]
[241.67, 6420, 29470, 16777184, 10957]
[246.5, 6420, 29470, 16777184, 10957]
[250.9, 6420, 29470, 16777184, 10957]
[253.97, 6420, 29470, 16777184, 10957]
[260.83, 6438, 29522, 16777184, 6563]
[266.13, 6439, 29523, 16777184, 5799]
FRAME 1259 feedback 86065 rx_rel_ms {'first_dispatch_ns': 15.67, 'last_dispatch_ns': 54.38, 'manifest_dispatch_ns': 81.87, 'complete_dispatch_ns': 81.87}
source deltaTimes ms / tx / rx / queueSpace / rtt us
[-3.16, 44352, 9278, 1048544, 690]
[1.37, 44390, 9278, 1048544, 690]
[6.68, 44390, 9278, 1048544, 690]
[11.75, 44390, 9278, 1048544, 690]
[16.7, 44390, 9280, 1048544, 4137]
[21.76, 44390, 9280, 1048544, 4137]
[26.83, 44390, 9280, 1048544, 4137]
[31.94, 44390, 9280, 1048544, 4137]
[37.0, 44390, 9280, 1048544, 4137]
[41.67, 44390, 9282, 1048544, 11931]
[46.73, 44390, 9282, 1048544, 11931]
[51.8, 44390, 9282, 1048544, 11931]
[57.09, 44390, 9284, 1048544, 21717]
[62.16, 44390, 9284, 1048544, 21717]
[67.22, 44390, 9284, 1048544, 21717]
[71.34, 44390, 9284, 1048544, 21717]
[76.4, 44390, 9284, 1048544, 21717]
[81.46, 44390, 9284, 1048544, 21717]
[86.31, 44390, 9287, 1048544, 35728]
receiver deltaTimes ms / tx / rx / queueSpace / rtt us
[-3.37, 9278, 44351, 16777184, 419]
[5.76, 9278, 44351, 16777184, 419]
[14.87, 9278, 44351, 16777184, 419]
[19.09, 9280, 44361, 16777184, 419]
[23.9, 9280, 44361, 16777184, 419]
[28.28, 9280, 44361, 16777184, 419]
[32.51, 9280, 44361, 16777184, 419]
[37.3, 9280, 44361, 16777184, 419]
[41.81, 9282, 44371, 16777184, 419]
[50.97, 9282, 44371, 16777184, 419]
[60.18, 9284, 44381, 16777184, 419]
[65.09, 9284, 44381, 16777184, 419]
[69.33, 9284, 44381, 16777184, 419]
[74.45, 9284, 44381, 16777184, 419]
[78.79, 9284, 44381, 16777184, 419]
[81.54, 9284, 44381, 16777184, 419]
[88.02, 9287, 44389, 16777184, 419]
FRAME 458 feedback 76544 rx_rel_ms {'first_dispatch_ns': 14.81, 'last_dispatch_ns': 55.79, 'manifest_dispatch_ns': 72.8, 'complete_dispatch_ns': 72.8}
source deltaTimes ms / tx / rx / queueSpace / rtt us
[-2.6, 16109, 3913, 1048544, 716]
[2.39, 16145, 3913, 1048544, 716]
[7.57, 16145, 3913, 1048544, 716]
[12.65, 16145, 3913, 1048544, 716]
[16.9, 16146, 3915, 1048544, 3965]
[21.98, 16146, 3915, 1048544, 3965]
[27.06, 16146, 3915, 1048544, 3965]
[32.18, 16146, 3915, 1048544, 3965]
[37.29, 16146, 3917, 1048544, 10746]
[42.37, 16146, 3917, 1048544, 10746]
[47.31, 16147, 3919, 1048544, 10746]
[52.38, 16147, 3919, 1048544, 10746]
[57.74, 16147, 3921, 1048544, 21191]
[61.81, 16147, 3921, 1048544, 21191]
[66.88, 16147, 3921, 1048544, 21191]
[71.95, 16147, 3921, 1048544, 21191]
[76.81, 16147, 3924, 1048544, 27445]
receiver deltaTimes ms / tx / rx / queueSpace / rtt us
[-4.01, 3913, 16108, 16777184, 4022]
[4.99, 3913, 16108, 16777184, 4022]
[9.31, 3913, 16108, 16777184, 4022]
[14.09, 3913, 16108, 16777184, 4022]
[18.39, 3915, 16118, 16777184, 4022]
[23.26, 3915, 16118, 16777184, 4022]
[27.44, 3915, 16118, 16777184, 4022]
[32.84, 3915, 16118, 16777184, 4022]
[36.79, 3917, 16128, 16777184, 4022]
[45.86, 3917, 16128, 16777184, 4022]
[50.84, 3919, 16128, 16777184, 4022]
[55.22, 3919, 16128, 16777184, 4022]
[60.23, 3921, 16138, 16777184, 4022]
[64.77, 3921, 16138, 16777184, 4022]
[69.68, 3921, 16138, 16777184, 4022]
[72.44, 3921, 16138, 16777184, 4022]
[78.82, 3924, 16146, 16777184, 12940]
FRAME 913 feedback 75210 rx_rel_ms {'first_dispatch_ns': 25.12, 'last_dispatch_ns': 50.58, 'manifest_dispatch_ns': 68.94, 'complete_dispatch_ns': 68.94}
source deltaTimes ms / tx / rx / queueSpace / rtt us
[-4.16, 32558, 7023, 1048544, 528]
[1.43, 32594, 7023, 1048544, 528]
[6.58, 32594, 7023, 1048544, 528]
[11.64, 32594, 7023, 1048544, 528]
[16.71, 32594, 7023, 1048544, 528]
[20.85, 32594, 7023, 1048544, 528]
[26.2, 32594, 7025, 1048544, 6224]
[31.32, 32594, 7025, 1048544, 6224]
[35.94, 32594, 7027, 1048544, 12178]
[41.0, 32594, 7027, 1048544, 12178]
[46.06, 32594, 7027, 1048544, 12178]
[51.58, 32594, 7029, 1048544, 21074]
[55.72, 32595, 7029, 1048544, 21074]
[60.78, 32595, 7029, 1048544, 21074]
[65.85, 32595, 7029, 1048544, 21074]
[71.1, 32596, 7032, 1048544, 25797]
[76.58, 32597, 7033, 1048544, 25797]
receiver deltaTimes ms / tx / rx / queueSpace / rtt us
[-5.13, 7023, 32557, 16777184, 3036]
[-0.26, 7023, 32557, 16777184, 3036]
[3.99, 7023, 32557, 16777184, 3036]
[8.86, 7023, 32557, 16777184, 3036]
[13.19, 7023, 32557, 16777184, 3036]
[18.11, 7023, 32557, 16777184, 3036]
[22.41, 7023, 32557, 16777184, 3036]
[27.23, 7025, 32567, 16777184, 3036]
[31.5, 7025, 32567, 16777184, 3036]
[36.41, 7027, 32577, 16777184, 3036]
[45.85, 7027, 32577, 16777184, 3036]
[54.91, 7029, 32587, 16777184, 3036]
[59.3, 7029, 32587, 16777184, 3036]
[64.3, 7029, 32587, 16777184, 3036]
[68.67, 7029, 32587, 16777184, 3036]
[73.52, 7032, 32594, 16777184, 3036]
[77.83, 7033, 32594, 16777184, 3036]
